2080
0 0 6
0 1 6
0 2 6
0 3 6
0 4 6
0 5 6
0 6 6
0 7 6
0 8 6
0 9 6
0 10 6
0 11 6
0 12 6
0 13 6
0 14 6
0 15 6
0 16 6
0 17 6
0 18 6
0 19 6
0 20 6
0 21 6
0 22 6
0 23 6
0 24 6
0 25 6
0 26 6
0 27 6
0 28 6
0 29 6
0 30 6
0 31 6
1 0 10
1 1 10
1 2 10
1 3 10
1 4 10
1 5 10
1 6 10
1 7 10
1 8 10
1 9 10
1 10 10
1 11 11
1 12 15
1 13 16
1 14 12
1 15 14
1 16 13
1 17 17
1 18 10
1 19 10
1 20 10
1 21 10
1 22 10
1 23 10
1 24 10
1 25 10
1 26 10
1 27 10
1 28 10
1 29 10
1 30 10
1 31 10
2 0 5
2 1 5
2 2 5
2 3 5
2 4 5
2 5 5
2 6 5
2 7 5
2 8 5
2 9 5
2 10 10
2 11 11
2 12 15
2 13 16
2 14 12
2 15 14
2 16 13
2 17 17
2 18 10
2 19 5
2 20 5
2 21 5
2 22 5
2 23 5
2 24 5
2 25 5
2 26 5
2 27 5
2 28 5
2 29 5
2 30 5
2 31 5
3 0 4
3 1 4
3 2 4
3 3 4
3 4 4
3 5 4
3 6 4
3 7 4
3 8 4
3 9 5
3 10 10
3 11 11
3 12 15
3 13 16
3 14 12
3 15 14
3 16 13
3 17 17
3 18 10
3 19 5
3 20 4
3 21 4
3 22 4
3 23 4
3 24 4
3 25 4
3 26 4
3 27 4
3 28 4
3 29 4
3 30 4
3 31 4
4 0 6
4 1 4
4 2 4
4 3 4
4 4 4
4 5 4
4 6 4
4 7 4
4 8 4
4 9 5
4 10 10
4 11 11
4 12 15
4 13 16
4 14 12
4 15 14
4 16 13
4 17 17
4 18 10
4 19 5
4 20 4
4 21 4
4 22 4
4 23 4
4 24 4
4 25 4
4 26 4
4 27 4
4 28 4
4 29 4
4 30 4
4 31 4
5 0 6
5 1 4
5 2 4
5 3 4
5 4 4
5 5 4
5 6 4
5 7 4
5 8 4
5 9 5
5 10 10
5 11 11
5 12 15
5 13 16
5 14 12
5 15 14
5 16 13
5 17 17
5 18 10
5 19 5
5 20 4
5 21 4
5 22 4
5 23 4
5 24 4
5 25 4
5 26 4
5 27 4
5 28 4
5 29 4
5 30 4
5 31 4
6 0 6
6 1 4
6 2 4
6 3 4
6 4 4
6 5 4
6 6 4
6 7 4
6 8 4
6 9 5
6 10 10
6 11 11
6 12 15
6 13 16
6 14 12
6 15 14
6 16 13
6 17 17
6 18 10
6 19 5
6 20 4
6 21 4
6 22 4
6 23 4
6 24 4
6 25 4
6 26 4
6 27 4
6 28 4
6 29 4
6 30 4
6 31 4
7 0 6
7 1 4
7 2 4
7 3 4
7 4 4
7 5 4
7 6 4
7 7 4
7 8 4
7 9 5
7 10 10
7 11 11
7 12 15
7 13 16
7 14 12
7 15 14
7 16 13
7 17 17
7 18 10
7 19 5
7 20 4
7 21 4
7 22 4
7 23 4
7 24 4
7 25 4
7 26 4
7 27 4
7 28 4
7 29 4
7 30 4
7 31 4
8 0 6
8 1 4
8 2 4
8 3 4
8 4 4
8 5 4
8 6 4
8 7 4
8 8 4
8 9 5
8 10 10
8 11 11
8 12 15
8 13 16
8 14 12
8 15 14
8 16 13
8 17 17
8 18 10
8 19 5
8 20 4
8 21 4
8 22 4
8 23 4
8 24 32
8 25 29
8 26 4
8 27 4
8 28 4
8 29 4
8 30 4
8 31 4
9 0 6
9 1 4
9 2 4
9 3 4
9 4 4
9 5 4
9 6 4
9 7 4
9 8 4
9 9 5
9 10 10
9 11 11
9 12 15
9 13 16
9 14 12
9 15 14
9 16 13
9 17 17
9 18 10
9 19 5
9 20 4
9 21 4
9 22 4
9 23 4
9 24 31
9 25 30
9 26 4
9 27 4
9 28 4
9 29 4
9 30 4
9 31 4
10 0 6
10 1 4
10 2 4
10 3 4
10 4 4
10 5 4
10 6 4
10 7 4
10 8 4
10 9 5
10 10 10
10 11 11
10 12 15
10 13 16
10 14 12
10 15 14
10 16 13
10 17 17
10 18 10
10 19 5
10 20 4
10 21 4
10 22 4
10 23 4
10 24 4
10 25 4
10 26 4
10 27 4
10 28 4
10 29 4
10 30 4
10 31 4
11 0 6
11 1 4
11 2 4
11 3 4
11 4 4
11 5 4
11 6 4
11 7 4
11 8 4
11 9 5
11 10 10
11 11 11
11 12 15
11 13 16
11 14 12
11 15 14
11 16 13
11 17 17
11 18 10
11 19 5
11 20 4
11 21 4
11 22 4
11 23 4
11 24 4
11 25 4
11 26 4
11 27 4
11 28 4
11 29 4
11 30 4
11 31 4
12 0 6
12 1 4
12 2 4
12 3 4
12 4 4
12 5 4
12 6 4
12 7 4
12 8 4
12 9 5
12 10 10
12 11 11
12 12 15
12 13 16
12 14 12
12 15 14
12 16 13
12 17 17
12 18 10
12 19 5
12 20 4
12 21 4
12 22 4
12 23 4
12 24 4
12 25 4
12 26 4
12 27 4
12 28 4
12 29 4
12 30 4
12 31 4
13 0 6
13 1 4
13 2 4
13 3 4
13 4 4
13 5 4
13 6 4
13 7 4
13 8 4
13 9 5
13 10 10
13 11 11
13 12 15
13 13 16
13 14 12
13 15 14
13 16 13
13 17 17
13 18 10
13 19 5
13 20 4
13 21 4
13 22 4
13 23 4
13 24 4
13 25 4
13 26 4
13 27 4
13 28 4
13 29 4
13 30 4
13 31 4
14 0 6
14 1 4
14 2 4
14 3 4
14 4 4
14 5 4
14 6 4
14 7 4
14 8 4
14 9 5
14 10 10
14 11 10
14 12 10
14 13 10
14 14 10
14 15 10
14 16 10
14 17 10
14 18 10
14 19 5
14 20 4
14 21 4
14 22 4
14 23 4
14 24 4
14 25 4
14 26 4
14 27 4
14 28 4
14 29 4
14 30 4
14 31 4
15 0 6
15 1 4
15 2 4
15 3 4
15 4 4
15 5 4
15 6 4
15 7 4
15 8 4
15 9 5
15 10 5
15 11 5
15 12 5
15 13 5
15 14 5
15 15 5
15 16 5
15 17 5
15 18 5
15 19 5
15 20 5
15 21 5
15 22 5
15 23 5
15 24 5
15 25 5
15 26 5
15 27 5
15 28 5
15 29 5
15 30 5
15 31 5
16 0 6
16 1 4
16 2 4
16 3 4
16 4 4
16 5 4
16 6 4
16 7 4
16 8 4
16 9 5
16 10 10
16 11 10
16 12 10
16 13 10
16 14 10
16 15 10
16 16 10
16 17 10
16 18 10
16 19 5
16 20 4
16 21 4
16 22 4
16 23 4
16 24 4
16 25 4
16 26 4
16 27 4
16 28 4
16 29 4
16 30 4
16 31 4
17 0 6
17 1 4
17 2 4
17 3 4
17 4 4
17 5 4
17 6 4
17 7 4
17 8 4
17 9 5
17 10 10
17 11 11
17 12 15
17 13 16
17 14 12
17 15 14
17 16 13
17 17 17
17 18 10
17 19 5
17 20 4
17 21 4
17 22 4
17 23 4
17 24 4
17 25 4
17 26 4
17 27 4
17 28 4
17 29 4
17 30 4
17 31 4
18 0 6
18 1 4
18 2 4
18 3 4
18 4 4
18 5 4
18 6 4
18 7 4
18 8 4
18 9 5
18 10 10
18 11 11
18 12 15
18 13 16
18 14 12
18 15 14
18 16 13
18 17 17
18 18 10
18 19 5
18 20 4
18 21 4
18 22 4
18 23 4
18 24 4
18 25 4
18 26 4
18 27 4
18 28 4
18 29 4
18 30 4
18 31 4
19 0 6
19 1 4
19 2 4
19 3 4
19 4 4
19 5 4
19 6 4
19 7 4
19 8 4
19 9 5
19 10 10
19 11 11
19 12 15
19 13 16
19 14 12
19 15 14
19 16 13
19 17 17
19 18 10
19 19 5
19 20 4
19 21 4
19 22 4
19 23 4
19 24 4
19 25 4
19 26 4
19 27 4
19 28 4
19 29 4
19 30 4
19 31 4
20 0 6
20 1 4
20 2 4
20 3 4
20 4 4
20 5 4
20 6 4
20 7 4
20 8 4
20 9 5
20 10 10
20 11 11
20 12 15
20 13 16
20 14 12
20 15 14
20 16 13
20 17 17
20 18 10
20 19 5
20 20 4
20 21 4
20 22 4
20 23 4
20 24 4
20 25 4
20 26 4
20 27 4
20 28 4
20 29 4
20 30 4
20 31 4
21 0 6
21 1 4
21 2 4
21 3 4
21 4 4
21 5 4
21 6 4
21 7 4
21 8 4
21 9 5
21 10 10
21 11 11
21 12 15
21 13 16
21 14 12
21 15 14
21 16 13
21 17 17
21 18 10
21 19 5
21 20 4
21 21 4
21 22 4
21 23 4
21 24 4
21 25 4
21 26 4
21 27 4
21 28 4
21 29 4
21 30 4
21 31 4
22 0 6
22 1 4
22 2 4
22 3 4
22 4 4
22 5 4
22 6 4
22 7 4
22 8 4
22 9 5
22 10 10
22 11 11
22 12 15
22 13 16
22 14 12
22 15 14
22 16 13
22 17 17
22 18 10
22 19 5
22 20 4
22 21 4
22 22 4
22 23 4
22 24 32
22 25 29
22 26 4
22 27 4
22 28 4
22 29 4
22 30 4
22 31 4
23 0 6
23 1 4
23 2 4
23 3 4
23 4 4
23 5 4
23 6 4
23 7 4
23 8 4
23 9 5
23 10 10
23 11 11
23 12 15
23 13 16
23 14 12
23 15 14
23 16 13
23 17 17
23 18 10
23 19 5
23 20 4
23 21 4
23 22 4
23 23 4
23 24 31
23 25 30
23 26 4
23 27 4
23 28 4
23 29 4
23 30 4
23 31 4
24 0 6
24 1 4
24 2 4
24 3 4
24 4 4
24 5 4
24 6 4
24 7 4
24 8 4
24 9 5
24 10 10
24 11 11
24 12 15
24 13 16
24 14 12
24 15 14
24 16 13
24 17 17
24 18 10
24 19 5
24 20 4
24 21 4
24 22 4
24 23 4
24 24 4
24 25 4
24 26 4
24 27 4
24 28 4
24 29 4
24 30 4
24 31 4
25 0 6
25 1 4
25 2 4
25 3 4
25 4 4
25 5 4
25 6 4
25 7 4
25 8 4
25 9 5
25 10 10
25 11 11
25 12 15
25 13 16
25 14 12
25 15 14
25 16 13
25 17 17
25 18 10
25 19 5
25 20 4
25 21 4
25 22 4
25 23 4
25 24 4
25 25 4
25 26 4
25 27 4
25 28 4
25 29 4
25 30 4
25 31 4
26 0 6
26 1 4
26 2 4
26 3 4
26 4 4
26 5 4
26 6 4
26 7 4
26 8 4
26 9 5
26 10 10
26 11 11
26 12 15
26 13 16
26 14 12
26 15 14
26 16 13
26 17 17
26 18 10
26 19 5
26 20 4
26 21 4
26 22 4
26 23 4
26 24 4
26 25 4
26 26 4
26 27 4
26 28 4
26 29 4
26 30 4
26 31 4
27 0 6
27 1 4
27 2 4
27 3 4
27 4 4
27 5 4
27 6 4
27 7 4
27 8 4
27 9 5
27 10 10
27 11 11
27 12 15
27 13 16
27 14 12
27 15 14
27 16 13
27 17 17
27 18 10
27 19 5
27 20 4
27 21 4
27 22 4
27 23 4
27 24 4
27 25 4
27 26 4
27 27 4
27 28 4
27 29 4
27 30 4
27 31 4
28 0 4
28 1 4
28 2 4
28 3 4
28 4 4
28 5 4
28 6 4
28 7 4
28 8 4
28 9 5
28 10 10
28 11 11
28 12 15
28 13 16
28 14 12
28 15 14
28 16 13
28 17 17
28 18 10
28 19 5
28 20 4
28 21 4
28 22 4
28 23 4
28 24 4
28 25 4
28 26 4
28 27 4
28 28 4
28 29 4
28 30 4
28 31 4
29 0 3
29 1 5
29 2 5
29 3 5
29 4 5
29 5 5
29 6 5
29 7 5
29 8 5
29 9 5
29 10 10
29 11 11
29 12 15
29 13 16
29 14 12
29 15 14
29 16 13
29 17 17
29 18 10
29 19 5
29 20 5
29 21 5
29 22 5
29 23 5
29 24 5
29 25 5
29 26 5
29 27 5
29 28 5
29 29 5
29 30 5
29 31 5
30 0 10
30 1 10
30 2 10
30 3 10
30 4 10
30 5 10
30 6 10
30 7 10
30 8 10
30 9 10
30 10 10
30 11 11
30 12 15
30 13 16
30 14 12
30 15 14
30 16 13
30 17 17
30 18 10
30 19 10
30 20 10
30 21 10
30 22 10
30 23 10
30 24 10
30 25 10
30 26 10
30 27 10
30 28 10
30 29 10
30 30 10
30 31 10
31 0 6
31 1 6
31 2 6
31 3 6
31 4 6
31 5 6
31 6 6
31 7 6
31 8 6
31 9 6
31 10 6
31 11 6
31 12 6
31 13 6
31 14 6
31 15 6
31 16 6
31 17 6
31 18 6
31 19 6
31 20 6
31 21 6
31 22 6
31 23 6
31 24 6
31 25 6
31 26 6
31 27 6
31 28 6
31 29 6
31 30 6
31 31 6
0 32 6
0 33 6
0 34 6
0 35 6
0 36 6
0 37 6
0 38 6
0 39 6
0 40 6
0 41 6
0 42 6
0 43 6
0 44 6
0 45 6
0 46 6
0 47 6
0 48 6
0 49 6
0 50 6
0 51 6
0 52 6
0 53 6
0 54 6
0 55 6
0 56 6
0 57 6
0 58 6
0 59 6
0 60 6
0 61 6
0 62 6
0 63 6
0 64 6
1 32 10
1 33 10
1 34 10
1 35 10
1 36 10
1 37 10
1 38 10
1 39 10
1 40 10
1 41 10
1 42 10
1 43 10
1 44 10
1 45 10
1 46 10
1 47 10
1 48 10
1 49 10
1 50 10
1 51 10
1 52 10
1 53 10
1 54 10
1 55 10
1 56 10
1 57 10
1 58 10
1 59 10
1 60 10
1 61 10
1 62 10
1 63 10
1 64 6
2 32 5
2 33 5
2 34 5
2 35 5
2 36 5
2 37 5
2 38 5
2 39 5
2 40 5
2 41 5
2 42 5
2 43 5
2 44 5
2 45 5
2 46 5
2 47 5
2 48 5
2 49 5
2 50 5
2 51 5
2 52 5
2 53 5
2 54 5
2 55 5
2 56 5
2 57 5
2 58 5
2 59 5
2 60 5
2 61 5
2 62 5
2 63 10
2 64 6
3 32 4
3 33 4
3 34 4
3 35 4
3 36 4
3 37 4
3 38 4
3 39 4
3 40 4
3 41 4
3 42 4
3 43 4
3 44 4
3 45 4
3 46 4
3 47 4
3 48 4
3 49 4
3 50 4
3 51 4
3 52 4
3 53 4
3 54 4
3 55 4
3 56 4
3 57 4
3 58 4
3 59 4
3 60 4
3 61 4
3 62 5
3 63 10
3 64 6
4 32 4
4 33 4
4 34 4
4 35 4
4 36 4
4 37 4
4 38 4
4 39 4
4 40 4
4 41 4
4 42 4
4 43 4
4 44 4
4 45 4
4 46 4
4 47 4
4 48 4
4 49 4
4 50 4
4 51 4
4 52 4
4 53 4
4 54 4
4 55 4
4 56 4
4 57 4
4 58 4
4 59 4
4 60 4
4 61 4
4 62 5
4 63 10
4 64 6
5 32 4
5 33 4
5 34 4
5 35 4
5 36 4
5 37 4
5 38 4
5 39 4
5 40 4
5 41 4
5 42 4
5 43 4
5 44 4
5 45 4
5 46 4
5 47 4
5 48 4
5 49 4
5 50 4
5 51 4
5 52 4
5 53 4
5 54 4
5 55 4
5 56 4
5 57 4
5 58 4
5 59 4
5 60 4
5 61 4
5 62 5
5 63 10
5 64 6
6 32 4
6 33 4
6 34 4
6 35 4
6 36 4
6 37 4
6 38 4
6 39 4
6 40 4
6 41 4
6 42 4
6 43 4
6 44 4
6 45 4
6 46 4
6 47 4
6 48 4
6 49 4
6 50 4
6 51 4
6 52 4
6 53 4
6 54 4
6 55 4
6 56 4
6 57 4
6 58 4
6 59 4
6 60 4
6 61 4
6 62 5
6 63 10
6 64 6
7 32 4
7 33 4
7 34 4
7 35 4
7 36 4
7 37 4
7 38 4
7 39 4
7 40 4
7 41 4
7 42 4
7 43 4
7 44 4
7 45 4
7 46 4
7 47 4
7 48 4
7 49 4
7 50 4
7 51 4
7 52 4
7 53 4
7 54 4
7 55 4
7 56 4
7 57 4
7 58 4
7 59 4
7 60 4
7 61 4
7 62 5
7 63 10
7 64 6
8 32 4
8 33 4
8 34 32
8 35 29
8 36 4
8 37 4
8 38 4
8 39 4
8 40 4
8 41 4
8 42 4
8 43 4
8 44 32
8 45 29
8 46 4
8 47 4
8 48 4
8 49 4
8 50 4
8 51 4
8 52 4
8 53 4
8 54 32
8 55 29
8 56 4
8 57 4
8 58 4
8 59 4
8 60 4
8 61 4
8 62 5
8 63 10
8 64 6
9 32 4
9 33 4
9 34 31
9 35 30
9 36 4
9 37 4
9 38 4
9 39 4
9 40 4
9 41 4
9 42 4
9 43 4
9 44 31
9 45 30
9 46 4
9 47 4
9 48 4
9 49 4
9 50 4
9 51 4
9 52 4
9 53 4
9 54 31
9 55 30
9 56 4
9 57 4
9 58 4
9 59 4
9 60 4
9 61 4
9 62 5
9 63 10
9 64 6
10 32 4
10 33 4
10 34 4
10 35 4
10 36 4
10 37 4
10 38 4
10 39 4
10 40 4
10 41 4
10 42 4
10 43 4
10 44 4
10 45 4
10 46 4
10 47 4
10 48 4
10 49 4
10 50 4
10 51 4
10 52 4
10 53 4
10 54 4
10 55 4
10 56 4
10 57 4
10 58 4
10 59 4
10 60 4
10 61 4
10 62 5
10 63 10
10 64 6
11 32 4
11 33 4
11 34 4
11 35 4
11 36 4
11 37 4
11 38 4
11 39 4
11 40 4
11 41 4
11 42 4
11 43 4
11 44 4
11 45 4
11 46 4
11 47 4
11 48 4
11 49 4
11 50 4
11 51 4
11 52 4
11 53 4
11 54 4
11 55 4
11 56 4
11 57 4
11 58 4
11 59 4
11 60 4
11 61 4
11 62 5
11 63 10
11 64 6
12 32 4
12 33 4
12 34 4
12 35 4
12 36 4
12 37 4
12 38 4
12 39 4
12 40 4
12 41 4
12 42 4
12 43 4
12 44 4
12 45 4
12 46 4
12 47 4
12 48 4
12 49 4
12 50 4
12 51 4
12 52 4
12 53 4
12 54 4
12 55 4
12 56 4
12 57 4
12 58 4
12 59 4
12 60 4
12 61 4
12 62 5
12 63 10
12 64 6
13 32 4
13 33 4
13 34 4
13 35 4
13 36 4
13 37 4
13 38 4
13 39 4
13 40 4
13 41 4
13 42 4
13 43 4
13 44 4
13 45 4
13 46 4
13 47 4
13 48 4
13 49 4
13 50 4
13 51 4
13 52 4
13 53 4
13 54 4
13 55 4
13 56 4
13 57 4
13 58 4
13 59 4
13 60 4
13 61 4
13 62 5
13 63 10
13 64 6
14 32 4
14 33 4
14 34 4
14 35 4
14 36 4
14 37 4
14 38 4
14 39 4
14 40 4
14 41 4
14 42 4
14 43 4
14 44 4
14 45 4
14 46 4
14 47 4
14 48 4
14 49 4
14 50 4
14 51 4
14 52 4
14 53 4
14 54 4
14 55 4
14 56 4
14 57 4
14 58 4
14 59 4
14 60 4
14 61 4
14 62 5
14 63 10
14 64 6
15 32 5
15 33 5
15 34 5
15 35 5
15 36 5
15 37 5
15 38 5
15 39 5
15 40 5
15 41 5
15 42 5
15 43 5
15 44 5
15 45 5
15 46 5
15 47 5
15 48 5
15 49 5
15 50 5
15 51 5
15 52 5
15 53 5
15 54 5
15 55 5
15 56 5
15 57 5
15 58 5
15 59 5
15 60 5
15 61 5
15 62 5
15 63 10
15 64 6
16 32 4
16 33 4
16 34 4
16 35 4
16 36 4
16 37 4
16 38 4
16 39 4
16 40 4
16 41 4
16 42 4
16 43 4
16 44 4
16 45 4
16 46 4
16 47 4
16 48 4
16 49 4
16 50 4
16 51 4
16 52 4
16 53 4
16 54 4
16 55 4
16 56 4
16 57 4
16 58 4
16 59 4
16 60 4
16 61 4
16 62 5
16 63 10
16 64 6
17 32 4
17 33 4
17 34 4
17 35 4
17 36 4
17 37 4
17 38 4
17 39 4
17 40 4
17 41 4
17 42 4
17 43 4
17 44 4
17 45 4
17 46 4
17 47 4
17 48 4
17 49 4
17 50 4
17 51 4
17 52 4
17 53 4
17 54 4
17 55 4
17 56 4
17 57 4
17 58 4
17 59 4
17 60 4
17 61 4
17 62 5
17 63 10
17 64 6
18 32 4
18 33 4
18 34 4
18 35 4
18 36 4
18 37 4
18 38 4
18 39 4
18 40 4
18 41 4
18 42 4
18 43 4
18 44 4
18 45 4
18 46 4
18 47 4
18 48 4
18 49 4
18 50 4
18 51 4
18 52 4
18 53 4
18 54 4
18 55 4
18 56 4
18 57 4
18 58 4
18 59 4
18 60 4
18 61 4
18 62 5
18 63 10
18 64 6
19 32 4
19 33 4
19 34 4
19 35 4
19 36 4
19 37 4
19 38 4
19 39 4
19 40 4
19 41 4
19 42 4
19 43 4
19 44 4
19 45 4
19 46 4
19 47 4
19 48 4
19 49 4
19 50 4
19 51 4
19 52 4
19 53 4
19 54 4
19 55 4
19 56 4
19 57 4
19 58 4
19 59 4
19 60 4
19 61 4
19 62 5
19 63 10
19 64 6
20 32 4
20 33 4
20 34 4
20 35 4
20 36 4
20 37 4
20 38 4
20 39 4
20 40 4
20 41 4
20 42 4
20 43 4
20 44 4
20 45 4
20 46 4
20 47 4
20 48 4
20 49 4
20 50 4
20 51 4
20 52 4
20 53 4
20 54 4
20 55 4
20 56 4
20 57 4
20 58 4
20 59 4
20 60 4
20 61 4
20 62 5
20 63 10
20 64 6
21 32 4
21 33 4
21 34 4
21 35 4
21 36 4
21 37 4
21 38 4
21 39 4
21 40 4
21 41 4
21 42 4
21 43 4
21 44 4
21 45 4
21 46 4
21 47 4
21 48 4
21 49 4
21 50 4
21 51 4
21 52 4
21 53 4
21 54 4
21 55 4
21 56 4
21 57 4
21 58 4
21 59 4
21 60 4
21 61 4
21 62 5
21 63 10
21 64 6
22 32 4
22 33 4
22 34 32
22 35 29
22 36 4
22 37 4
22 38 4
22 39 4
22 40 4
22 41 4
22 42 4
22 43 4
22 44 32
22 45 29
22 46 4
22 47 4
22 48 4
22 49 4
22 50 4
22 51 4
22 52 4
22 53 4
22 54 32
22 55 29
22 56 4
22 57 4
22 58 4
22 59 4
22 60 4
22 61 4
22 62 5
22 63 10
22 64 6
23 32 4
23 33 4
23 34 31
23 35 30
23 36 4
23 37 4
23 38 4
23 39 4
23 40 4
23 41 4
23 42 4
23 43 4
23 44 31
23 45 30
23 46 4
23 47 4
23 48 4
23 49 4
23 50 4
23 51 4
23 52 4
23 53 4
23 54 31
23 55 30
23 56 4
23 57 4
23 58 4
23 59 4
23 60 4
23 61 4
23 62 5
23 63 10
23 64 6
24 32 4
24 33 4
24 34 4
24 35 4
24 36 4
24 37 4
24 38 4
24 39 4
24 40 4
24 41 4
24 42 4
24 43 4
24 44 4
24 45 4
24 46 4
24 47 4
24 48 4
24 49 4
24 50 4
24 51 4
24 52 4
24 53 4
24 54 4
24 55 4
24 56 4
24 57 4
24 58 4
24 59 4
24 60 4
24 61 4
24 62 5
24 63 10
24 64 6
25 32 4
25 33 4
25 34 4
25 35 4
25 36 4
25 37 4
25 38 4
25 39 4
25 40 4
25 41 4
25 42 4
25 43 4
25 44 4
25 45 4
25 46 4
25 47 4
25 48 4
25 49 4
25 50 4
25 51 4
25 52 4
25 53 4
25 54 4
25 55 4
25 56 4
25 57 4
25 58 4
25 59 4
25 60 4
25 61 4
25 62 5
25 63 10
25 64 6
26 32 4
26 33 4
26 34 4
26 35 4
26 36 4
26 37 4
26 38 4
26 39 4
26 40 4
26 41 4
26 42 4
26 43 4
26 44 4
26 45 4
26 46 4
26 47 4
26 48 4
26 49 4
26 50 4
26 51 4
26 52 4
26 53 4
26 54 4
26 55 4
26 56 4
26 57 4
26 58 4
26 59 4
26 60 4
26 61 4
26 62 5
26 63 10
26 64 6
27 32 4
27 33 4
27 34 4
27 35 4
27 36 4
27 37 4
27 38 4
27 39 4
27 40 4
27 41 4
27 42 4
27 43 4
27 44 4
27 45 4
27 46 4
27 47 4
27 48 4
27 49 4
27 50 4
27 51 4
27 52 4
27 53 4
27 54 4
27 55 4
27 56 4
27 57 4
27 58 4
27 59 4
27 60 4
27 61 4
27 62 5
27 63 10
27 64 6
28 32 4
28 33 4
28 34 4
28 35 4
28 36 4
28 37 4
28 38 4
28 39 4
28 40 4
28 41 4
28 42 4
28 43 4
28 44 4
28 45 4
28 46 4
28 47 4
28 48 4
28 49 4
28 50 4
28 51 4
28 52 4
28 53 4
28 54 4
28 55 4
28 56 4
28 57 4
28 58 4
28 59 4
28 60 4
28 61 4
28 62 5
28 63 10
28 64 6
29 32 5
29 33 5
29 34 5
29 35 5
29 36 5
29 37 5
29 38 5
29 39 5
29 40 5
29 41 5
29 42 5
29 43 5
29 44 5
29 45 5
29 46 5
29 47 5
29 48 5
29 49 5
29 50 5
29 51 5
29 52 5
29 53 5
29 54 5
29 55 5
29 56 5
29 57 5
29 58 5
29 59 5
29 60 5
29 61 5
29 62 5
29 63 10
29 64 6
30 32 10
30 33 10
30 34 10
30 35 10
30 36 10
30 37 10
30 38 10
30 39 10
30 40 10
30 41 10
30 42 10
30 43 10
30 44 10
30 45 10
30 46 10
30 47 10
30 48 10
30 49 10
30 50 10
30 51 10
30 52 10
30 53 10
30 54 10
30 55 10
30 56 10
30 57 10
30 58 10
30 59 10
30 60 10
30 61 10
30 62 10
30 63 10
30 64 6
31 32 6
31 33 6
31 34 6
31 35 6
31 36 6
31 37 6
31 38 6
31 39 6
31 40 6
31 41 6
31 42 6
31 43 6
31 44 6
31 45 6
31 46 6
31 47 6
31 48 6
31 49 6
31 50 6
31 51 6
31 52 6
31 53 6
31 54 6
31 55 6
31 56 6
31 57 6
31 58 6
31 59 6
31 60 6
31 61 6
31 62 6
31 63 6
31 64 6
2
29 0 2 {destination:demo,destinationX:1,destinationY:30}
7 7 3 {quests:dialogue/npc1.txt}
8 7 100 10 1
